-3.000000 20.085537 -20.085537 -19.985443 20.085537 -19.985443
-2.990000 19.885682 -19.885682 -19.786585 19.885682 -19.786585
-2.980000 19.687817 -19.687817 -19.589705 19.687817 -19.589705
-2.970000 19.491920 -19.491920 -19.394784 19.491920 -19.394784
-2.960000 19.297972 -19.297972 -19.201803 19.297972 -19.201803
-2.950000 19.105954 -19.105954 -19.010742 19.105954 -19.010742
-2.940000 18.915846 -18.915846 -18.821582 18.915846 -18.821582
-2.930000 18.727630 -18.727630 -18.634304 18.727630 -18.634304
-2.920000 18.541287 -18.541287 -18.448889 18.541287 -18.448889
-2.910000 18.356799 -18.356799 -18.265320 18.356799 -18.265320
-2.900000 18.174145 -18.174145 -18.083577 18.174145 -18.083577
-2.890000 17.993310 -17.993310 -17.903642 17.993310 -17.903642
-2.880000 17.814273 -17.814273 -17.725498 17.814273 -17.725498
-2.870000 17.637018 -17.637018 -17.549126 17.637018 -17.549126
-2.860000 17.461527 -17.461527 -17.374510 17.461527 -17.374510
-2.850000 17.287782 -17.287782 -17.201630 17.287782 -17.201630
-2.840000 17.115766 -17.115766 -17.030471 17.115766 -17.030471
-2.830000 16.945461 -16.945461 -16.861015 16.945461 -16.861015
-2.820000 16.776851 -16.776851 -16.693245 16.776851 -16.693245
-2.810000 16.609918 -16.609918 -16.527145 16.609918 -16.527145
-2.800000 16.444647 -16.444647 -16.362697 16.444647 -16.362697
-2.790000 16.281020 -16.281020 -16.199885 16.281020 -16.199885
-2.780000 16.119021 -16.119021 -16.038694 16.119021 -16.038694
-2.770000 15.958634 -15.958634 -15.879106 15.958634 -15.879106
-2.760000 15.799843 -15.799843 -15.721106 15.799843 -15.721106
-2.750000 15.642632 -15.642632 -15.564679 15.642632 -15.564679
-2.740000 15.486985 -15.486985 -15.409808 15.486985 -15.409808
-2.730000 15.332887 -15.332887 -15.256477 15.332887 -15.256477
-2.720000 15.180322 -15.180322 -15.104673 15.180322 -15.104673
-2.710000 15.029276 -15.029276 -14.954379 15.029276 -14.954379
-2.700000 14.879732 -14.879732 -14.805580 14.879732 -14.805580
-2.690000 14.731676 -14.731676 -14.658262 14.731676 -14.658262
-2.680000 14.585093 -14.585093 -14.512410 14.585093 -14.512410
-2.670000 14.439969 -14.439969 -14.368009 14.439969 -14.368009
-2.660000 14.296289 -14.296289 -14.225045 14.296289 -14.225045
-2.650000 14.154039 -14.154039 -14.083504 14.154039 -14.083504
-2.640000 14.013204 -14.013204 -13.943371 14.013204 -13.943371
-2.630000 13.873770 -13.873770 -13.804632 13.873770 -13.804632
-2.620000 13.735724 -13.735724 -13.667273 13.735724 -13.667273
-2.610000 13.599051 -13.599051 -13.531282 13.599051 -13.531282
-2.600000 13.463738 -13.463738 -13.396643 13.463738 -13.396643
-2.590000 13.329772 -13.329772 -13.263344 13.329772 -13.263344
-2.580000 13.197138 -13.197138 -13.131372 13.197138 -13.131372
-2.570000 13.065824 -13.065824 -13.000713 13.065824 -13.000713
-2.560000 12.935817 -12.935817 -12.871353 12.935817 -12.871353
-2.550000 12.807104 -12.807104 -12.743281 12.807104 -12.743281
-2.540000 12.679671 -12.679671 -12.616483 12.679671 -12.616483
-2.530000 12.553506 -12.553506 -12.490947 12.553506 -12.490947
-2.520000 12.428597 -12.428597 -12.366660 12.428597 -12.366660
-2.510000 12.304930 -12.304930 -12.243610 12.304930 -12.243610
-2.500000 12.182494 -12.182494 -12.121784 12.182494 -12.121784
-2.490000 12.061276 -12.061276 -12.001170 12.061276 -12.001170
-2.480000 11.941264 -11.941264 -11.881757 11.941264 -11.881757
-2.470000 11.822447 -11.822447 -11.763531 11.822447 -11.763531
-2.460000 11.704812 -11.704812 -11.646482 11.704812 -11.646482
-2.450000 11.588347 -11.588347 -11.530598 11.588347 -11.530598
-2.440000 11.473041 -11.473041 -11.415866 11.473041 -11.415866
-2.430000 11.358882 -11.358882 -11.302277 11.358882 -11.302277
-2.420000 11.245859 -11.245859 -11.189817 11.245859 -11.189817
-2.410000 11.133961 -11.133961 -11.078476 11.133961 -11.078476
-2.400000 11.023176 -11.023176 -10.968244 11.023176 -10.968244
-2.390000 10.913494 -10.913494 -10.859108 10.913494 -10.859108
-2.380000 10.804903 -10.804903 -10.751058 10.804903 -10.751058
-2.370000 10.697392 -10.697392 -10.644083 10.697392 -10.644083
-2.360000 10.590951 -10.590951 -10.538173 10.590951 -10.538173
-2.350000 10.485570 -10.485570 -10.433316 10.485570 -10.433316
-2.340000 10.381237 -10.381237 -10.329503 10.381237 -10.329503
-2.330000 10.277942 -10.277942 -10.226723 10.277942 -10.226723
-2.320000 10.175674 -10.175674 -10.124965 10.175674 -10.124965
-2.310000 10.074425 -10.074425 -10.024220 10.074425 -10.024220
-2.300000 9.974182 -9.974182 -9.924477 9.974182 -9.924477
-2.290000 9.874938 -9.874938 -9.825727 9.874938 -9.825727
-2.280000 9.776680 -9.776680 -9.727960 9.776680 -9.727960
-2.270000 9.679401 -9.679401 -9.631165 9.679401 -9.631165
-2.260000 9.583089 -9.583089 -9.535333 9.583089 -9.535333
-2.250000 9.487736 -9.487736 -9.440455 9.487736 -9.440455
-2.240000 9.393331 -9.393331 -9.346521 9.393331 -9.346521
-2.230000 9.299866 -9.299866 -9.253521 9.299866 -9.253521
-2.220000 9.207331 -9.207331 -9.161447 9.207331 -9.161447
-2.210000 9.115716 -9.115716 -9.070289 9.115716 -9.070289
-2.200000 9.025013 -9.025013 -8.980038 9.025013 -8.980038
-2.190000 8.935213 -8.935213 -8.890686 8.935213 -8.890686
-2.180000 8.846306 -8.846306 -8.802222 8.846306 -8.802222
-2.170000 8.758284 -8.758284 -8.714638 8.758284 -8.714638
-2.160000 8.671138 -8.671138 -8.627926 8.671138 -8.627926
-2.150000 8.584858 -8.584858 -8.542077 8.584858 -8.542077
-2.140000 8.499438 -8.499438 -8.457082 8.499438 -8.457082
-2.130000 8.414867 -8.414867 -8.372932 8.414867 -8.372932
-2.120000 8.331137 -8.331137 -8.289620 8.331137 -8.289620
-2.110000 8.248241 -8.248241 -8.207137 8.248241 -8.207137
-2.100000 8.166170 -8.166170 -8.125475 8.166170 -8.125475
-2.090000 8.084915 -8.084915 -8.044625 8.084915 -8.044625
-2.080000 8.004469 -8.004469 -7.964580 8.004469 -7.964580
-2.070000 7.924823 -7.924823 -7.885331 7.924823 -7.885331
-2.060000 7.845970 -7.845970 -7.806870 7.845970 -7.806870
-2.050000 7.767901 -7.767901 -7.729191 7.767901 -7.729191
-2.040000 7.690609 -7.690609 -7.652284 7.690609 -7.652284
-2.030000 7.614086 -7.614086 -7.576143 7.614086 -7.576143
-2.020000 7.538325 -7.538325 -7.500759 7.538325 -7.500759
-2.010000 7.463317 -7.463317 -7.426125 7.463317 -7.426125
-2.000000 7.389056 -7.389056 -7.352234 7.389056 -7.352234
-1.990000 7.315534 -7.315534 -7.279078 7.315534 -7.279078
-1.980000 7.242743 -7.242743 -7.206650 7.242743 -7.206650
-1.970000 7.170676 -7.170676 -7.134942 7.170676 -7.134942
-1.960000 7.099327 -7.099327 -7.063948 7.099327 -7.063948
-1.950000 7.028688 -7.028688 -6.993661 7.028688 -6.993661
-1.940000 6.958751 -6.958751 -6.924073 6.958751 -6.924073
-1.930000 6.889510 -6.889510 -6.855177 6.889510 -6.855177
-1.920000 6.820958 -6.820958 -6.786967 6.820958 -6.786967
-1.910000 6.753089 -6.753089 -6.719436 6.753089 -6.719436
-1.900000 6.685894 -6.685894 -6.652576 6.685894 -6.652576
-1.890000 6.619369 -6.619369 -6.586382 6.619369 -6.586382
-1.880000 6.553505 -6.553505 -6.520846 6.553505 -6.520846
-1.870000 6.488296 -6.488296 -6.455963 6.488296 -6.455963
-1.860000 6.423737 -6.423737 -6.391725 6.423737 -6.391725
-1.850000 6.359820 -6.359820 -6.328126 6.359820 -6.328126
-1.840000 6.296538 -6.296538 -6.265160 6.296538 -6.265160
-1.830000 6.233887 -6.233887 -6.202821 6.233887 -6.202821
-1.820000 6.171858 -6.171858 -6.141102 6.171858 -6.141102
-1.810000 6.110447 -6.110447 -6.079997 6.110447 -6.079997
-1.800000 6.049647 -6.049647 -6.019500 6.049647 -6.019500
-1.790000 5.989452 -5.989452 -5.959605 5.989452 -5.959605
-1.780000 5.929856 -5.929856 -5.900306 5.929856 -5.900306
-1.770000 5.870853 -5.870853 -5.841597 5.870853 -5.841597
-1.760000 5.812437 -5.812437 -5.783472 5.812437 -5.783472
-1.750000 5.754603 -5.754603 -5.725925 5.754603 -5.725925
-1.740000 5.697343 -5.697343 -5.668951 5.697343 -5.668951
-1.730000 5.640654 -5.640654 -5.612544 5.640654 -5.612544
-1.720000 5.584528 -5.584528 -5.556699 5.584528 -5.556699
-1.710000 5.528961 -5.528961 -5.501409 5.528961 -5.501409
-1.700000 5.473947 -5.473947 -5.446669 5.473947 -5.446669
-1.690000 5.419481 -5.419481 -5.392473 5.419481 -5.392473
-1.680000 5.365556 -5.365556 -5.338817 5.365556 -5.338817
-1.670000 5.312168 -5.312168 -5.285695 5.312168 -5.285695
-1.660000 5.259311 -5.259311 -5.233102 5.259311 -5.233102
-1.650000 5.206980 -5.206980 -5.181031 5.206980 -5.181031
-1.640000 5.155170 -5.155170 -5.129479 5.155170 -5.129479
-1.630000 5.103875 -5.103875 -5.078440 5.103875 -5.078440
-1.620000 5.053090 -5.053090 -5.027909 5.053090 -5.027909
-1.610000 5.002811 -5.002811 -4.977880 5.002811 -4.977880
-1.600000 4.953032 -4.953032 -4.928350 4.953032 -4.928350
-1.590000 4.903749 -4.903749 -4.879312 4.903749 -4.879312
-1.580000 4.854956 -4.854956 -4.830762 4.854956 -4.830762
-1.570000 4.806648 -4.806648 -4.782695 4.806648 -4.782695
-1.560000 4.758821 -4.758821 -4.735106 4.758821 -4.735106
-1.550000 4.711470 -4.711470 -4.687991 4.711470 -4.687991
-1.540000 4.664590 -4.664590 -4.641345 4.664590 -4.641345
-1.530000 4.618177 -4.618177 -4.595163 4.618177 -4.595163
-1.520000 4.572225 -4.572225 -4.549440 4.572225 -4.549440
-1.510000 4.526731 -4.526731 -4.504172 4.526731 -4.504172
-1.500000 4.481689 -4.481689 -4.459355 4.481689 -4.459355
-1.490000 4.437096 -4.437096 -4.414984 4.437096 -4.414984
-1.480000 4.392946 -4.392946 -4.371054 4.392946 -4.371054
-1.470000 4.349235 -4.349235 -4.327561 4.349235 -4.327561
-1.460000 4.305960 -4.305960 -4.284501 4.305960 -4.284501
-1.450000 4.263115 -4.263115 -4.241870 4.263115 -4.241870
-1.440000 4.220696 -4.220696 -4.199663 4.220696 -4.199663
-1.430000 4.178699 -4.178699 -4.157875 4.178699 -4.157875
-1.420000 4.137120 -4.137120 -4.116504 4.137120 -4.116504
-1.410000 4.095955 -4.095955 -4.075544 4.095955 -4.075544
-1.400000 4.055200 -4.055200 -4.034991 4.055200 -4.034991
-1.390000 4.014850 -4.014850 -3.994843 4.014850 -3.994843
-1.380000 3.974902 -3.974902 -3.955093 3.974902 -3.955093
-1.370000 3.935351 -3.935351 -3.915739 3.935351 -3.915739
-1.360000 3.896193 -3.896193 -3.876777 3.896193 -3.876777
-1.350000 3.857426 -3.857426 -3.838203 3.857426 -3.838203
-1.340000 3.819044 -3.819044 -3.800012 3.819044 -3.800012
-1.330000 3.781043 -3.781043 -3.762201 3.781043 -3.762201
-1.320000 3.743421 -3.743421 -3.724767 3.743421 -3.724767
-1.310000 3.706174 -3.706174 -3.687704 3.706174 -3.687704
-1.300000 3.669297 -3.669297 -3.651011 3.669297 -3.651011
-1.290000 3.632787 -3.632787 -3.614683 3.632787 -3.614683
-1.280000 3.596640 -3.596640 -3.578716 3.596640 -3.578716
-1.270000 3.560853 -3.560853 -3.543107 3.560853 -3.543107
-1.260000 3.525421 -3.525421 -3.507853 3.525421 -3.507853
-1.250000 3.490343 -3.490343 -3.472949 3.490343 -3.472949
-1.240000 3.455613 -3.455613 -3.438393 3.455613 -3.438393
-1.230000 3.421230 -3.421230 -3.404180 3.421230 -3.404180
-1.220000 3.387188 -3.387188 -3.370308 3.387188 -3.370308
-1.210000 3.353485 -3.353485 -3.336773 3.353485 -3.336773
-1.200000 3.320117 -3.320117 -3.303572 3.320117 -3.303572
-1.190000 3.287081 -3.287081 -3.270700 3.287081 -3.270700
-1.180000 3.254374 -3.254374 -3.238156 3.254374 -3.238156
-1.170000 3.221993 -3.221993 -3.205936 3.221993 -3.205936
-1.160000 3.189933 -3.189933 -3.174037 3.189933 -3.174037
-1.150000 3.158193 -3.158193 -3.142454 3.158193 -3.142454
-1.140000 3.126768 -3.126768 -3.111187 3.126768 -3.111187
-1.130000 3.095657 -3.095657 -3.080230 3.095657 -3.080230
-1.120000 3.064854 -3.064854 -3.049581 3.064854 -3.049581
-1.110000 3.034358 -3.034358 -3.019237 3.034358 -3.019237
-1.100000 3.004166 -3.004166 -2.989195 3.004166 -2.989195
-1.090000 2.974274 -2.974274 -2.959452 2.974274 -2.959452
-1.080000 2.944680 -2.944680 -2.930005 2.944680 -2.930005
-1.070000 2.915379 -2.915379 -2.900851 2.915379 -2.900851
-1.060000 2.886371 -2.886371 -2.871987 2.886371 -2.871987
-1.050000 2.857651 -2.857651 -2.843410 2.857651 -2.843410
-1.040000 2.829217 -2.829217 -2.815118 2.829217 -2.815118
-1.030000 2.801066 -2.801066 -2.787107 2.801066 -2.787107
-1.020000 2.773195 -2.773195 -2.759375 2.773195 -2.759375
-1.010000 2.745601 -2.745601 -2.731919 2.745601 -2.731919
-1.000000 2.718282 -2.718282 -2.704736 2.718282 -2.704736
-0.990000 2.691234 -2.691234 -2.677823 2.691234 -2.677823
-0.980000 2.664456 -2.664456 -2.651178 2.664456 -2.651178
-0.970000 2.637944 -2.637944 -2.624799 2.637944 -2.624799
-0.960000 2.611696 -2.611696 -2.598681 2.611696 -2.598681
-0.950000 2.585710 -2.585710 -2.572824 2.585710 -2.572824
-0.940000 2.559981 -2.559981 -2.547224 2.559981 -2.547224
-0.930000 2.534509 -2.534509 -2.521879 2.534509 -2.521879
-0.920000 2.509290 -2.509290 -2.496786 2.509290 -2.496786
-0.910000 2.484323 -2.484323 -2.471942 2.484323 -2.471942
-0.900000 2.459603 -2.459603 -2.447346 2.459603 -2.447346
-0.890000 2.435130 -2.435130 -2.422994 2.435130 -2.422994
-0.880000 2.410900 -2.410900 -2.398885 2.410900 -2.398885
-0.870000 2.386911 -2.386911 -2.375016 2.386911 -2.375016
-0.860000 2.363161 -2.363161 -2.351384 2.363161 -2.351384
-0.850000 2.339647 -2.339647 -2.327988 2.339647 -2.327988
-0.840000 2.316367 -2.316367 -2.304824 2.316367 -2.304824
-0.830000 2.293319 -2.293319 -2.281890 2.293319 -2.281890
-0.820000 2.270500 -2.270500 -2.259185 2.270500 -2.259185
-0.810000 2.247908 -2.247908 -2.236706 2.247908 -2.236706
-0.800000 2.225541 -2.225541 -2.214450 2.225541 -2.214450
-0.790000 2.203396 -2.203396 -2.192416 2.203396 -2.192416
-0.780000 2.181472 -2.181472 -2.170601 2.181472 -2.170601
-0.770000 2.159766 -2.159766 -2.149003 2.159766 -2.149003
-0.760000 2.138276 -2.138276 -2.127620 2.138276 -2.127620
-0.750000 2.117000 -2.117000 -2.106450 2.117000 -2.106450
-0.740000 2.095936 -2.095936 -2.085491 2.095936 -2.085491
-0.730000 2.075081 -2.075081 -2.064740 2.075081 -2.064740
-0.720000 2.054433 -2.054433 -2.044195 2.054433 -2.044195
-0.710000 2.033991 -2.033991 -2.023855 2.033991 -2.023855
-0.700000 2.013753 -2.013753 -2.003717 2.013753 -2.003717
-0.690000 1.993716 -1.993716 -1.983780 1.993716 -1.983780
-0.680000 1.973878 -1.973878 -1.964041 1.973878 -1.964041
-0.670000 1.954237 -1.954237 -1.944499 1.954237 -1.944499
-0.660000 1.934792 -1.934792 -1.925151 1.934792 -1.925151
-0.650000 1.915541 -1.915541 -1.905995 1.915541 -1.905995
-0.640000 1.896481 -1.896481 -1.887030 1.896481 -1.887030
-0.630000 1.877611 -1.877611 -1.868254 1.877611 -1.868254
-0.620000 1.858928 -1.858928 -1.849664 1.858928 -1.849664
-0.610000 1.840431 -1.840431 -1.831260 1.840431 -1.831260
-0.600000 1.822119 -1.822119 -1.813038 1.822119 -1.813038
-0.590000 1.803988 -1.803988 -1.794998 1.803988 -1.794998
-0.580000 1.786038 -1.786038 -1.777138 1.786038 -1.777138
-0.570000 1.768267 -1.768267 -1.759455 1.768267 -1.759455
-0.560000 1.750673 -1.750673 -1.741948 1.750673 -1.741948
-0.550000 1.733253 -1.733253 -1.724616 1.733253 -1.724616
-0.540000 1.716007 -1.716007 -1.707455 1.716007 -1.707455
-0.530000 1.698932 -1.698932 -1.690466 1.698932 -1.690466
-0.520000 1.682028 -1.682028 -1.673645 1.682028 -1.673645
-0.510000 1.665291 -1.665291 -1.656992 1.665291 -1.656992
-0.500000 1.648721 -1.648721 -1.640505 1.648721 -1.640505
-0.490000 1.632316 -1.632316 -1.624182 1.632316 -1.624182
-0.480000 1.616074 -1.616074 -1.608021 1.616074 -1.608021
-0.470000 1.599994 -1.599994 -1.592021 1.599994 -1.592021
-0.460000 1.584074 -1.584074 -1.576180 1.584074 -1.576180
-0.450000 1.568312 -1.568312 -1.560497 1.568312 -1.560497
-0.440000 1.552707 -1.552707 -1.544969 1.552707 -1.544969
-0.430000 1.537258 -1.537258 -1.529597 1.537258 -1.529597
-0.420000 1.521962 -1.521962 -1.514377 1.521962 -1.514377
-0.410000 1.506818 -1.506818 -1.499309 1.506818 -1.499309
-0.400000 1.491825 -1.491825 -1.484390 1.491825 -1.484390
-0.390000 1.476981 -1.476981 -1.469620 1.476981 -1.469620
-0.380000 1.462285 -1.462285 -1.454997 1.462285 -1.454997
-0.370000 1.447735 -1.447735 -1.440520 1.447735 -1.440520
-0.360000 1.433329 -1.433329 -1.426187 1.433329 -1.426187
-0.350000 1.419068 -1.419068 -1.411996 1.419068 -1.411996
-0.340000 1.404948 -1.404948 -1.397946 1.404948 -1.397946
-0.330000 1.390968 -1.390968 -1.384036 1.390968 -1.384036
-0.320000 1.377128 -1.377128 -1.370265 1.377128 -1.370265
-0.310000 1.363425 -1.363425 -1.356631 1.363425 -1.356631
-0.300000 1.349859 -1.349859 -1.343132 1.349859 -1.343132
-0.290000 1.336427 -1.336427 -1.329768 1.336427 -1.329768
-0.280000 1.323130 -1.323130 -1.316536 1.323130 -1.316536
-0.270000 1.309964 -1.309964 -1.303436 1.309964 -1.303436
-0.260000 1.296930 -1.296930 -1.290467 1.296930 -1.290467
-0.250000 1.284025 -1.284025 -1.277627 1.284025 -1.277627
-0.240000 1.271249 -1.271249 -1.264914 1.271249 -1.264914
-0.230000 1.258600 -1.258600 -1.252328 1.258600 -1.252328
-0.220000 1.246077 -1.246077 -1.239867 1.246077 -1.239867
-0.210000 1.233678 -1.233678 -1.227530 1.233678 -1.227530
-0.200000 1.221403 -1.221403 -1.215316 1.221403 -1.215316
-0.190000 1.209250 -1.209250 -1.203223 1.209250 -1.203223
-0.180000 1.197217 -1.197217 -1.191251 1.197217 -1.191251
-0.170000 1.185305 -1.185305 -1.179398 1.185305 -1.179398
-0.160000 1.173511 -1.173511 -1.167663 1.173511 -1.167663
-0.150000 1.161834 -1.161834 -1.156044 1.161834 -1.156044
-0.140000 1.150274 -1.150274 -1.144542 1.150274 -1.144542
-0.130000 1.138828 -1.138828 -1.133153 1.138828 -1.133153
-0.120000 1.127497 -1.127497 -1.121878 1.127497 -1.121878
-0.110000 1.116278 -1.116278 -1.110715 1.116278 -1.110715
-0.100000 1.105171 -1.105171 -1.099663 1.105171 -1.099663
-0.090000 1.094174 -1.094174 -1.088722 1.094174 -1.088722
-0.080000 1.083287 -1.083287 -1.077889 1.083287 -1.077889
-0.070000 1.072508 -1.072508 -1.067163 1.072508 -1.067163
-0.060000 1.061837 -1.061837 -1.056545 1.061837 -1.056545
-0.050000 1.051271 -1.051271 -1.046032 1.051271 -1.046032
-0.040000 1.040811 -1.040811 -1.035624 1.040811 -1.035624
-0.030000 1.030455 -1.030455 -1.025319 1.030455 -1.025319
-0.020000 1.020201 -1.020201 -1.015117 1.020201 -1.015117
-0.010000 1.010050 -1.010050 -1.005017 1.010050 -1.005017
-0.000000 1.000000 -1.000000 -0.995017 1.000000 -0.995017
0.010000 0.990050 -0.990050 -0.985116 0.990050 -0.985116
0.020000 0.980199 -0.980199 -0.975314 0.980199 -0.975314
0.030000 0.970446 -0.970446 -0.965609 0.970446 -0.965609
0.040000 0.960789 -0.960789 -0.956001 0.960789 -0.956001
0.050000 0.951229 -0.951229 -0.946489 0.951229 -0.946489
0.060000 0.941765 -0.941765 -0.937071 0.941765 -0.937071
0.070000 0.932394 -0.932394 -0.927747 0.932394 -0.927747
0.080000 0.923116 -0.923116 -0.918516 0.923116 -0.918516
0.090000 0.913931 -0.913931 -0.909377 0.913931 -0.909377
0.100000 0.904837 -0.904837 -0.900328 0.904837 -0.900328
0.110000 0.895834 -0.895834 -0.891370 0.895834 -0.891370
0.120000 0.886920 -0.886920 -0.882501 0.886920 -0.882501
0.130000 0.878095 -0.878095 -0.873720 0.878095 -0.873720
0.140000 0.869358 -0.869358 -0.865026 0.869358 -0.865026
0.150000 0.860708 -0.860708 -0.856419 0.860708 -0.856419
0.160000 0.852144 -0.852144 -0.847897 0.852144 -0.847897
0.170000 0.843665 -0.843665 -0.839461 0.843665 -0.839461
0.180000 0.835270 -0.835270 -0.831108 0.835270 -0.831108
0.190000 0.826959 -0.826959 -0.822838 0.826959 -0.822838
0.200000 0.818731 -0.818731 -0.814651 0.818731 -0.814651
0.210000 0.810584 -0.810584 -0.806545 0.810584 -0.806545
0.220000 0.802519 -0.802519 -0.798520 0.802519 -0.798520
0.230000 0.794534 -0.794534 -0.790574 0.794534 -0.790574
0.240000 0.786628 -0.786628 -0.782708 0.786628 -0.782708
0.250000 0.778801 -0.778801 -0.774920 0.778801 -0.774920
0.260000 0.771052 -0.771052 -0.767209 0.771052 -0.767209
0.270000 0.763379 -0.763379 -0.759575 0.763379 -0.759575
0.280000 0.755784 -0.755784 -0.752017 0.755784 -0.752017
0.290000 0.748264 -0.748264 -0.744535 0.748264 -0.744535
0.300000 0.740818 -0.740818 -0.737126 0.740818 -0.737126
0.310000 0.733447 -0.733447 -0.729792 0.733447 -0.729792
0.320000 0.726149 -0.726149 -0.722530 0.726149 -0.722530
0.330000 0.718924 -0.718924 -0.715341 0.718924 -0.715341
0.340000 0.711770 -0.711770 -0.708223 0.711770 -0.708223
0.350000 0.704688 -0.704688 -0.701176 0.704688 -0.701176
0.360000 0.697676 -0.697676 -0.694200 0.697676 -0.694200
0.370000 0.690734 -0.690734 -0.687292 0.690734 -0.687292
0.380000 0.683861 -0.683861 -0.680453 0.683861 -0.680453
0.390000 0.677057 -0.677057 -0.673683 0.677057 -0.673683
0.400000 0.670320 -0.670320 -0.666980 0.670320 -0.666980
0.410000 0.663650 -0.663650 -0.660343 0.663650 -0.660343
0.420000 0.657047 -0.657047 -0.653773 0.657047 -0.653773
0.430000 0.650509 -0.650509 -0.647267 0.650509 -0.647267
0.440000 0.644036 -0.644036 -0.640827 0.644036 -0.640827
0.450000 0.637628 -0.637628 -0.634451 0.637628 -0.634451
0.460000 0.631284 -0.631284 -0.628138 0.631284 -0.628138
0.470000 0.625002 -0.625002 -0.621888 0.625002 -0.621888
0.480000 0.618783 -0.618783 -0.615700 0.618783 -0.615700
0.490000 0.612626 -0.612626 -0.609573 0.612626 -0.609573
0.500000 0.606531 -0.606531 -0.603508 0.606531 -0.603508
0.510000 0.600496 -0.600496 -0.597503 0.600496 -0.597503
0.520000 0.594521 -0.594521 -0.591558 0.594521 -0.591558
0.530000 0.588605 -0.588605 -0.585672 0.588605 -0.585672
0.540000 0.582748 -0.582748 -0.579844 0.582748 -0.579844
0.550000 0.576950 -0.576950 -0.574075 0.576950 -0.574075
0.560000 0.571209 -0.571209 -0.568363 0.571209 -0.568363
0.570000 0.565525 -0.565525 -0.562707 0.565525 -0.562707
0.580000 0.559898 -0.559898 -0.557108 0.559898 -0.557108
0.590000 0.554327 -0.554327 -0.551565 0.554327 -0.551565
0.600000 0.548812 -0.548812 -0.546077 0.548812 -0.546077
0.610000 0.543351 -0.543351 -0.540643 0.543351 -0.540643
0.620000 0.537944 -0.537944 -0.535264 0.537944 -0.535264
0.630000 0.532592 -0.532592 -0.529938 0.532592 -0.529938
0.640000 0.527292 -0.527292 -0.524665 0.527292 -0.524665
0.650000 0.522046 -0.522046 -0.519444 0.522046 -0.519444
0.660000 0.516851 -0.516851 -0.514276 0.516851 -0.514276
0.670000 0.511709 -0.511709 -0.509159 0.511709 -0.509159
0.680000 0.506617 -0.506617 -0.504092 0.506617 -0.504092
0.690000 0.501576 -0.501576 -0.499077 0.501576 -0.499077
0.700000 0.496585 -0.496585 -0.494111 0.496585 -0.494111
0.710000 0.491644 -0.491644 -0.489194 0.491644 -0.489194
0.720000 0.486752 -0.486752 -0.484327 0.486752 -0.484327
0.730000 0.481909 -0.481909 -0.479507 0.481909 -0.479507
0.740000 0.477114 -0.477114 -0.474736 0.477114 -0.474736
0.750000 0.472367 -0.472367 -0.470013 0.472367 -0.470013
0.760000 0.467666 -0.467666 -0.465336 0.467666 -0.465336
0.770000 0.463013 -0.463013 -0.460706 0.463013 -0.460706
0.780000 0.458406 -0.458406 -0.456122 0.458406 -0.456122
0.790000 0.453845 -0.453845 -0.451583 0.453845 -0.451583
0.800000 0.449329 -0.449329 -0.447090 0.449329 -0.447090
0.810000 0.444858 -0.444858 -0.442641 0.444858 -0.442641
0.820000 0.440432 -0.440432 -0.438237 0.440432 -0.438237
0.830000 0.436049 -0.436049 -0.433876 0.436049 -0.433876
0.840000 0.431711 -0.431711 -0.429559 0.431711 -0.429559
0.850000 0.427415 -0.427415 -0.425285 0.427415 -0.425285
0.860000 0.423162 -0.423162 -0.421053 0.423162 -0.421053
0.870000 0.418952 -0.418952 -0.416864 0.418952 -0.416864
0.880000 0.414783 -0.414783 -0.412716 0.414783 -0.412716
0.890000 0.410656 -0.410656 -0.408609 0.410656 -0.408609
0.900000 0.406570 -0.406570 -0.404544 0.406570 -0.404544
0.910000 0.402524 -0.402524 -0.400518 0.402524 -0.400518
0.920000 0.398519 -0.398519 -0.396533 0.398519 -0.396533
0.930000 0.394554 -0.394554 -0.392588 0.394554 -0.392588
0.940000 0.390628 -0.390628 -0.388681 0.390628 -0.388681
0.950000 0.386741 -0.386741 -0.384814 0.386741 -0.384814
0.960000 0.382893 -0.382893 -0.380985 0.382893 -0.380985
0.970000 0.379083 -0.379083 -0.377194 0.379083 -0.377194
0.980000 0.375311 -0.375311 -0.373441 0.375311 -0.373441
0.990000 0.371577 -0.371577 -0.369725 0.371577 -0.369725
1.000000 0.367879 -0.367879 -0.366046 0.367879 -0.366046
1.010000 0.364219 -0.364219 -0.362404 0.364219 -0.362404
1.020000 0.360595 -0.360595 -0.358798 0.360595 -0.358798
1.030000 0.357007 -0.357007 -0.355228 0.357007 -0.355228
1.040000 0.353455 -0.353455 -0.351693 0.353455 -0.351693
1.050000 0.349938 -0.349938 -0.348194 0.349938 -0.348194
1.060000 0.346456 -0.346456 -0.344729 0.346456 -0.344729
1.070000 0.343009 -0.343009 -0.341299 0.343009 -0.341299
1.080000 0.339596 -0.339596 -0.337903 0.339596 -0.337903
1.090000 0.336216 -0.336216 -0.334541 0.336216 -0.334541
1.100000 0.332871 -0.332871 -0.331212 0.332871 -0.331212
1.110000 0.329559 -0.329559 -0.327917 0.329559 -0.327917
1.120000 0.326280 -0.326280 -0.324654 0.326280 -0.324654
1.130000 0.323033 -0.323033 -0.321423 0.323033 -0.321423
1.140000 0.319819 -0.319819 -0.318225 0.319819 -0.318225
1.150000 0.316637 -0.316637 -0.315059 0.316637 -0.315059
1.160000 0.313486 -0.313486 -0.311924 0.313486 -0.311924
1.170000 0.310367 -0.310367 -0.308820 0.310367 -0.308820
1.180000 0.307279 -0.307279 -0.305747 0.307279 -0.305747
1.190000 0.304221 -0.304221 -0.302705 0.304221 -0.302705
1.200000 0.301194 -0.301194 -0.299693 0.301194 -0.299693
1.210000 0.298197 -0.298197 -0.296711 0.298197 -0.296711
1.220000 0.295230 -0.295230 -0.293759 0.295230 -0.293759
1.230000 0.292293 -0.292293 -0.290836 0.292293 -0.290836
1.240000 0.289384 -0.289384 -0.287942 0.289384 -0.287942
1.250000 0.286505 -0.286505 -0.285077 0.286505 -0.285077
1.260000 0.283654 -0.283654 -0.282240 0.283654 -0.282240
1.270000 0.280832 -0.280832 -0.279432 0.280832 -0.279432
1.280000 0.278037 -0.278037 -0.276652 0.278037 -0.276652
1.290000 0.275271 -0.275271 -0.273899 0.275271 -0.273899
1.300000 0.272532 -0.272532 -0.271174 0.272532 -0.271174
1.310000 0.269820 -0.269820 -0.268475 0.269820 -0.268475
1.320000 0.267135 -0.267135 -0.265804 0.267135 -0.265804
1.330000 0.264477 -0.264477 -0.263159 0.264477 -0.263159
1.340000 0.261846 -0.261846 -0.260541 0.261846 -0.260541
1.350000 0.259240 -0.259240 -0.257948 0.259240 -0.257948
1.360000 0.256661 -0.256661 -0.255382 0.256661 -0.255382
1.370000 0.254107 -0.254107 -0.252841 0.254107 -0.252841
1.380000 0.251579 -0.251579 -0.250325 0.251579 -0.250325
1.390000 0.249075 -0.249075 -0.247834 0.249075 -0.247834
1.400000 0.246597 -0.246597 -0.245368 0.246597 -0.245368
1.410000 0.244143 -0.244143 -0.242927 0.244143 -0.242927
1.420000 0.241714 -0.241714 -0.240509 0.241714 -0.240509
1.430000 0.239309 -0.239309 -0.238116 0.239309 -0.238116
1.440000 0.236928 -0.236928 -0.235747 0.236928 -0.235747
1.450000 0.234570 -0.234570 -0.233401 0.234570 -0.233401
1.460000 0.232236 -0.232236 -0.231079 0.232236 -0.231079
1.470000 0.229925 -0.229925 -0.228780 0.229925 -0.228780
1.480000 0.227638 -0.227638 -0.226503 0.227638 -0.226503
1.490000 0.225373 -0.225373 -0.224250 0.225373 -0.224250
1.500000 0.223130 -0.223130 -0.222018 0.223130 -0.222018
1.510000 0.220910 -0.220910 -0.219809 0.220910 -0.219809
1.520000 0.218712 -0.218712 -0.217622 0.218712 -0.217622
1.530000 0.216536 -0.216536 -0.215457 0.216536 -0.215457
1.540000 0.214381 -0.214381 -0.213313 0.214381 -0.213313
1.550000 0.212248 -0.212248 -0.211190 0.212248 -0.211190
1.560000 0.210136 -0.210136 -0.209089 0.210136 -0.209089
1.570000 0.208045 -0.208045 -0.207008 0.208045 -0.207008
1.580000 0.205975 -0.205975 -0.204949 0.205975 -0.204949
1.590000 0.203926 -0.203926 -0.202909 0.203926 -0.202909
1.600000 0.201897 -0.201897 -0.200890 0.201897 -0.200890
1.610000 0.199888 -0.199888 -0.198891 0.199888 -0.198891
1.620000 0.197899 -0.197899 -0.196912 0.197899 -0.196912
1.630000 0.195930 -0.195930 -0.194953 0.195930 -0.194953
1.640000 0.193980 -0.193980 -0.193013 0.193980 -0.193013
1.650000 0.192050 -0.192050 -0.191093 0.192050 -0.191093
1.660000 0.190139 -0.190139 -0.189191 0.190139 -0.189191
1.670000 0.188247 -0.188247 -0.187309 0.188247 -0.187309
1.680000 0.186374 -0.186374 -0.185445 0.186374 -0.185445
1.690000 0.184520 -0.184520 -0.183600 0.184520 -0.183600
1.700000 0.182684 -0.182684 -0.181773 0.182684 -0.181773
1.710000 0.180866 -0.180866 -0.179964 0.180866 -0.179964
1.720000 0.179066 -0.179066 -0.178174 0.179066 -0.178174
1.730000 0.177284 -0.177284 -0.176401 0.177284 -0.176401
1.740000 0.175520 -0.175520 -0.174646 0.175520 -0.174646
1.750000 0.173774 -0.173774 -0.172908 0.173774 -0.172908
1.760000 0.172045 -0.172045 -0.171187 0.172045 -0.171187
1.770000 0.170333 -0.170333 -0.169484 0.170333 -0.169484
1.780000 0.168638 -0.168638 -0.167798 0.168638 -0.167798
1.790000 0.166960 -0.166960 -0.166128 0.166960 -0.166128
1.800000 0.165299 -0.165299 -0.164475 0.165299 -0.164475
1.810000 0.163654 -0.163654 -0.162839 0.163654 -0.162839
1.820000 0.162026 -0.162026 -0.161218 0.162026 -0.161218
1.830000 0.160414 -0.160414 -0.159614 0.160414 -0.159614
1.840000 0.158817 -0.158817 -0.158026 0.158817 -0.158026
1.850000 0.157237 -0.157237 -0.156454 0.157237 -0.156454
1.860000 0.155673 -0.155673 -0.154897 0.155673 -0.154897
1.870000 0.154124 -0.154124 -0.153356 0.154124 -0.153356
1.880000 0.152590 -0.152590 -0.151830 0.152590 -0.151830
1.890000 0.151072 -0.151072 -0.150319 0.151072 -0.150319
1.900000 0.149569 -0.149569 -0.148823 0.149569 -0.148823
1.910000 0.148080 -0.148080 -0.147342 0.148080 -0.147342
1.920000 0.146607 -0.146607 -0.145876 0.146607 -0.145876
1.930000 0.145148 -0.145148 -0.144425 0.145148 -0.144425
1.940000 0.143704 -0.143704 -0.142988 0.143704 -0.142988
1.950000 0.142274 -0.142274 -0.141565 0.142274 -0.141565
1.960000 0.140858 -0.140858 -0.140156 0.140858 -0.140156
1.970000 0.139457 -0.139457 -0.138762 0.139457 -0.138762
1.980000 0.138069 -0.138069 -0.137381 0.138069 -0.137381
1.990000 0.136695 -0.136695 -0.136014 0.136695 -0.136014
2.000000 0.135335 -0.135335 -0.134661 0.135335 -0.134661
2.010000 0.133989 -0.133989 -0.133321 0.133989 -0.133321
2.020000 0.132655 -0.132655 -0.131994 0.132655 -0.131994
2.030000 0.131336 -0.131336 -0.130681 0.131336 -0.130681
2.040000 0.130029 -0.130029 -0.129381 0.130029 -0.129381
2.050000 0.128735 -0.128735 -0.128093 0.128735 -0.128093
2.060000 0.127454 -0.127454 -0.126819 0.127454 -0.126819
2.070000 0.126186 -0.126186 -0.125557 0.126186 -0.125557
2.080000 0.124930 -0.124930 -0.124308 0.124930 -0.124308
2.090000 0.123687 -0.123687 -0.123071 0.123687 -0.123071
2.100000 0.122456 -0.122456 -0.121846 0.122456 -0.121846
2.110000 0.121238 -0.121238 -0.120634 0.121238 -0.120634
2.120000 0.120032 -0.120032 -0.119433 0.120032 -0.119433
2.130000 0.118837 -0.118837 -0.118245 0.118837 -0.118245
2.140000 0.117655 -0.117655 -0.117069 0.117655 -0.117069
2.150000 0.116484 -0.116484 -0.115904 0.116484 -0.115904
2.160000 0.115325 -0.115325 -0.114750 0.115325 -0.114750
2.170000 0.114178 -0.114178 -0.113609 0.114178 -0.113609
2.180000 0.113042 -0.113042 -0.112478 0.113042 -0.112478
2.190000 0.111917 -0.111917 -0.111359 0.111917 -0.111359
2.200000 0.110803 -0.110803 -0.110251 0.110803 -0.110251
2.210000 0.109701 -0.109701 -0.109154 0.109701 -0.109154
2.220000 0.108609 -0.108609 -0.108068 0.108609 -0.108068
2.230000 0.107528 -0.107528 -0.106993 0.107528 -0.106993
2.240000 0.106459 -0.106459 -0.105928 0.106459 -0.105928
2.250000 0.105399 -0.105399 -0.104874 0.105399 -0.104874
2.260000 0.104350 -0.104350 -0.103830 0.104350 -0.103830
2.270000 0.103312 -0.103312 -0.102797 0.103312 -0.102797
2.280000 0.102284 -0.102284 -0.101774 0.102284 -0.101774
2.290000 0.101266 -0.101266 -0.100762 0.101266 -0.100762
2.300000 0.100259 -0.100259 -0.099759 0.100259 -0.099759
2.310000 0.099261 -0.099261 -0.098767 0.099261 -0.098767
2.320000 0.098274 -0.098274 -0.097784 0.098274 -0.097784
2.330000 0.097296 -0.097296 -0.096811 0.097296 -0.096811
2.340000 0.096328 -0.096328 -0.095848 0.096328 -0.095848
2.350000 0.095369 -0.095369 -0.094894 0.095369 -0.094894
2.360000 0.094420 -0.094420 -0.093950 0.094420 -0.093950
2.370000 0.093481 -0.093481 -0.093015 0.093481 -0.093015
2.380000 0.092551 -0.092551 -0.092089 0.092551 -0.092089
2.390000 0.091630 -0.091630 -0.091173 0.091630 -0.091173
2.400000 0.090718 -0.090718 -0.090266 0.090718 -0.090266
2.410000 0.089815 -0.089815 -0.089368 0.089815 -0.089368
2.420000 0.088922 -0.088922 -0.088478 0.088922 -0.088478
2.430000 0.088037 -0.088037 -0.087598 0.088037 -0.087598
2.440000 0.087161 -0.087161 -0.086726 0.087161 -0.086726
2.450000 0.086294 -0.086294 -0.085864 0.086294 -0.085864
2.460000 0.085435 -0.085435 -0.085009 0.085435 -0.085009
2.470000 0.084585 -0.084585 -0.084163 0.084585 -0.084163
2.480000 0.083743 -0.083743 -0.083326 0.083743 -0.083326
2.490000 0.082910 -0.082910 -0.082497 0.082910 -0.082497
2.500000 0.082085 -0.082085 -0.081676 0.082085 -0.081676
2.510000 0.081268 -0.081268 -0.080863 0.081268 -0.080863
2.520000 0.080460 -0.080460 -0.080059 0.080460 -0.080059
2.530000 0.079659 -0.079659 -0.079262 0.079659 -0.079262
2.540000 0.078866 -0.078866 -0.078473 0.078866 -0.078473
2.550000 0.078082 -0.078082 -0.077693 0.078082 -0.077693
2.560000 0.077305 -0.077305 -0.076920 0.077305 -0.076920
2.570000 0.076536 -0.076536 -0.076154 0.076536 -0.076154
2.580000 0.075774 -0.075774 -0.075396 0.075774 -0.075396
2.590000 0.075020 -0.075020 -0.074646 0.075020 -0.074646
2.600000 0.074274 -0.074274 -0.073903 0.074274 -0.073903
2.610000 0.073535 -0.073535 -0.073168 0.073535 -0.073168
2.620000 0.072803 -0.072803 -0.072440 0.072803 -0.072440
2.630000 0.072078 -0.072078 -0.071719 0.072078 -0.071719
2.640000 0.071361 -0.071361 -0.071006 0.071361 -0.071006
2.650000 0.070651 -0.070651 -0.070299 0.070651 -0.070299
2.660000 0.069948 -0.069948 -0.069600 0.069948 -0.069600
2.670000 0.069252 -0.069252 -0.068907 0.069252 -0.068907
2.680000 0.068563 -0.068563 -0.068221 0.068563 -0.068221
2.690000 0.067881 -0.067881 -0.067543 0.067881 -0.067543
2.700000 0.067206 -0.067206 -0.066871 0.067206 -0.066871
2.710000 0.066537 -0.066537 -0.066205 0.066537 -0.066205
2.720000 0.065875 -0.065875 -0.065546 0.065875 -0.065546
2.730000 0.065219 -0.065219 -0.064894 0.065219 -0.064894
2.740000 0.064570 -0.064570 -0.064249 0.064570 -0.064249
2.750000 0.063928 -0.063928 -0.063609 0.063928 -0.063609
2.760000 0.063292 -0.063292 -0.062976 0.063292 -0.062976
2.770000 0.062662 -0.062662 -0.062350 0.062662 -0.062350
2.780000 0.062039 -0.062039 -0.061729 0.062039 -0.061729
2.790000 0.061421 -0.061421 -0.061115 0.061421 -0.061115
2.800000 0.060810 -0.060810 -0.060507 0.060810 -0.060507
2.810000 0.060205 -0.060205 -0.059905 0.060205 -0.059905
2.820000 0.059606 -0.059606 -0.059309 0.059606 -0.059309
2.830000 0.059013 -0.059013 -0.058719 0.059013 -0.058719
2.840000 0.058426 -0.058426 -0.058135 0.058426 -0.058135
2.850000 0.057844 -0.057844 -0.057556 0.057844 -0.057556
2.860000 0.057269 -0.057269 -0.056983 0.057269 -0.056983
2.870000 0.056699 -0.056699 -0.056416 0.056699 -0.056416
2.880000 0.056135 -0.056135 -0.055855 0.056135 -0.055855
2.890000 0.055576 -0.055576 -0.055299 0.055576 -0.055299
2.900000 0.055023 -0.055023 -0.054749 0.055023 -0.054749
2.910000 0.054476 -0.054476 -0.054204 0.054476 -0.054204
2.920000 0.053934 -0.053934 -0.053665 0.053934 -0.053665
2.930000 0.053397 -0.053397 -0.053131 0.053397 -0.053131
2.940000 0.052866 -0.052866 -0.052602 0.052866 -0.052602
2.950000 0.052340 -0.052340 -0.052079 0.052340 -0.052079
2.960000 0.051819 -0.051819 -0.051561 0.051819 -0.051561
2.970000 0.051303 -0.051303 -0.051048 0.051303 -0.051048
2.980000 0.050793 -0.050793 -0.050540 0.050793 -0.050540
2.990000 0.050287 -0.050287 -0.050037 0.050287 -0.050037
3.000000 0.049787 -0.049787 -0.049539 0.049787 -0.049539
